image: MAPA_APOGEU.pgm
resolution: 0.0217
origin: [-4.92000, -13.55000, 0.00000]
negate: 0
occupied_thresh: 0.65
free_thresh: 0.196

